config1 = [['Ti',0.0, 0.0, 0.0],['Ti',2.254, 2.254, 1.4455],['O',1.3524, 1.3524, 0.0],['O',3.1556, 3.1556, 0.0],['O',0.9016000000000001, 3.6064000000000003, 1.4455],['O',3.6064000000000003, 0.9016000000000001, 1.4455]]

config2 = [['Ti', 0.0, 0.0, 0.0],['Ti', 2.2737142857142856, 2.2737142857142856, 1.4581428571428572],['O', 1.3642285714285713, 1.3642285714285713, 0.0],['O', 3.1832, 3.1832, 0.0],['O',0.9094857142857142, 3.637942857142857, 1.4581428571428572],['O', 3.637942857142857, 0.9094857142857142, 1.4581428571428572]]

config3 = [['Ti',0.0, 0.0, 0.0],['Ti', 2.293428571428571, 2.293428571428571, 1.4707857142857146],['O', 1.3760571428571426, 1.3760571428571426, 0.0],['O', 3.2108, 3.2108, 0.0],['O', 0.9173714285714285, 3.669485714285714, 1.4707857142857146],['O', 3.669485714285714, 0.9173714285714285, 1.4707857142857146]]

config4 = [['Ti', 0.0, 0.0, 0.0],['Ti', 2.313142857142857, 2.313142857142857, 1.4834285714285718],['O', 1.3878857142857144, 1.3878857142857144, 0.0],['O', 3.2384000000000004, 3.2384000000000004, 0.0],['O', 0.925257142857143, 3.701028571428572, 1.4834285714285718],['O', 3.701028571428572, 0.925257142857143, 1.4834285714285718]]

config5 = [['Ti', 0.0, 0.0, 0.0],['Ti', 2.3328571428571427, 2.3328571428571427, 1.496071428571429],['O', 1.399714285714286, 1.399714285714286, 0.0],['O', 3.2660000000000005, 3.2660000000000005, 0.0],['O', 0.9331428571428573, 3.732571428571429, 1.496071428571429],['O', 3.732571428571429, 0.9331428571428573, 1.496071428571429]]

config6 = [['Ti', 0.0, 0.0, 0.0],['Ti', 2.3525714285714283, 2.3525714285714283, 1.5087142857142863],['O', 1.4115428571428574, 1.4115428571428574, 0.0],['O', 3.2936000000000005, 3.2936000000000005, 0.0],['O', 0.9410285714285715, 3.764114285714286, 1.5087142857142863],['O', 3.764114285714286, 0.9410285714285715, 1.5087142857142863]]

config7 = [['Ti', 0.0, 0.0, 0.0],['Ti', 2.372285714285714, 2.372285714285714, 1.5213571428571433],['O', 1.4233714285714287, 1.4233714285714287, 0.0],['O', 3.3212, 3.3212, 0.0],['O', 0.9489142857142857, 3.795657142857143, 1.5213571428571433],['O', 3.795657142857143, 0.9489142857142857, 1.5213571428571433]]

config8 = [['Ti', 0.0, 0.0, 0.0],['Ti', 2.392, 2.392, 1.5340000000000007], ['O', 1.4352000000000005, 1.4352000000000005, 0.0],['O', 3.3488000000000007, 3.3488000000000007, 0.0],['O', 0.9568000000000001, 3.8272000000000004, 1.5340000000000007],['O', 3.8272000000000004, 0.9568000000000001, 1.5340000000000007]]














volumes

[58.75108702399997, 60.30618319748107, 61.88848153184836, 63.49821788398833, 65.13562811078714, 66.8009480691312, 68.49441361590668, 70.21626060799997]